[64, 111]
[34, 64, 68, 32, 45, 173, 41, 14]
[34, 64, 48, 83, 37, 105, 198]
[34, 64, 32, 0, 198]
[2, 0, 1, 8]
[8, 0, 2, 0]
[7, 0, 3, 0]
[5, 0, 5, 0]
[1, 41]
[61, 82, 39, 9, 51, 56, 217, 43]
[1, 187, 44, 9, 51, 36, 577, 324, 28]
[61, 9, 46, 56, 602, 23]
[2, 0, 0, 8]
[8, 0, 2, 0]
[9, 0, 1, 0]
[6, 0, 4, 0]
[109, 33, 126]
[23, 89, 29, 6, 33, 39, 186, 20]
[333, 464, 4, 6, 211, 43, 94, 486, 131, 20]
[3, 79, 149, 6, 33, 9, 126, 256]
[3, 0, 0, 7]
[8, 0, 2, 0]
[10, 0, 0, 0]
[8, 0, 2, 0]
[49, 82, 65]
[49, 62, 11, 8, 190, 30, 21, 144, 15]
[49, 362, 11, 320, 30, 21, 494, 15]
[49, 57, 31, 8, 65, 11, 20]
[3, 0, 0, 7]
[9, 0, 1, 0]
[8, 0, 2, 0]
[7, 0, 3, 0]
[14, 29]
[36, 109, 10, 24, 29, 54, 308, 23]
[116, 109, 170, 14, 456, 29, 29, 178, 184, 23]
[96, 14, 29, 29, 178, 349]
[2, 0, 0, 8]
[8, 0, 2, 0]
[10, 0, 0, 0]
[6, 0, 4, 0]
[96, 12]
[25, 96, 56, 17, 11, 176, 39]
[25, 96, 242, 32, 11, 406, 199, 24]
[155, 96, 191, 32, 46, 4]
[2, 0, 0, 8]
[7, 0, 3, 0]
[8, 0, 2, 0]
[6, 0, 4, 0]
[109]
[37, 109, 8, 8, 21, 18, 403, 27]
[42, 8, 18, 344, 21, 18, 403, 27]
[37, 89, 8, 21, 13]
[1, 0, 0, 9]
[8, 0, 2, 0]
[8, 0, 2, 0]
[5, 0, 5, 0]
[77]
[28, 77, 7, 42, 12]
[28, 92, 112, 37, 37, 17, 78]
[28, 77, 7, 42]
[1, 0, 1, 8]
[5, 0, 5, 0]
[7, 0, 3, 0]
[4, 0, 6, 0]
[]
[40, 79, 3, 26, 72]
[220, 3, 31, 17]
[79, 26]
[0, 0, 2, 8]
[5, 0, 5, 0]
[4, 0, 6, 0]
[2, 0, 8, 0]
[]
[33, 77, 7, 4, 20, 8, 44]
[77, 4, 15, 108, 34]
[77, 39, 242]
[0, 0, 0, 10]
[7, 0, 3, 0]
[5, 0, 5, 0]
[3, 0, 7, 0]
[6]
[76, 30, 46, 6, 15]
[199, 236, 18, 30, 46, 21, 35]
[6, 46, 41]
[1, 0, 2, 7]
[5, 0, 5, 0]
[7, 0, 3, 0]
[3, 0, 7, 0]